Mean: 0.791365
Std: 0.201631
